                                                  [00m
      [38;5;222m▄▄[39m           [38;5;215m▄[48;5;215m█[49;38;5;209m▀[38;5;173m▄[39m                           [00m
    [38;5;222m▀[48;5;222m██[38;5;239m▄[48;5;239;38;5;222m▄[49;39m          [48;5;173;38;5;173m██[49;39m  [38;5;173m▀[48;5;215;38;5;215m█[49m▀[39m                        [00m
   [38;5;222m▄▄[48;5;239;38;5;239m█[48;5;95m▄[48;5;222m▄[48;5;239m█[49;39m         [38;5;222m▄[48;5;215;38;5;215m█[48;5;215;38;5;215m█[38;5;215m▄[48;5;173;38;5;209m▄[49;38;5;173m▄[39m                          [00m
   [38;5;239m▄[48;5;239m█████[49;39m         [48;5;222;38;5;222m████[48;5;173;38;5;173m██[49;39m                          [00m
   [48;5;239;38;5;222m▄[38;5;239m█[38;5;237m▄[38;5;239m██[38;5;222m▄[48;5;222m███[49m▄[48;5;239;38;5;239m████[48;5;173;38;5;173m▄[48;5;222;38;5;222m██[48;5;236;38;5;209m▄[48;5;222;38;5;222m█[48;5;173;38;5;209m▄[48;5;236;38;5;174m▄[49;39m                   [38;5;173m▄[39m      [00m
   [38;5;222m▀[48;5;222;38;5;173m▄[48;5;239;38;5;173m▄[38;5;222m▄[48;5;222;38;5;173m▄[38;5;222m████[48;5;239;38;5;239m█████[48;5;222;38;5;222m███[48;5;221;38;5;221m█[48;5;184;38;5;236m▄[48;5;215;38;5;236m▄[38;5;215m█[48;5;236;38;5;173m▄[48;5;236;38;5;236m▄[38;5;234m▄[38;5;236m█[49;38;5;234m▄[39m         [38;5;234m▄▄[38;5;236m▄[38;5;222m▄[48;5;173m▄[49;38;5;234m▄[39m      [00m
      [38;5;222m▀[48;5;222m█████[48;5;239;38;5;239m██[38;5;221m▄[48;5;221m█[48;5;239;38;5;239m█[48;5;222;38;5;222m█[38;5;173m▄[48;5;222;38;5;222m▄[48;5;222;38;5;173m▄[48;5;236;38;5;173m▄[38;5;174m▄[48;5;215;38;5;173m▄[48;5;173m█[48;5;236;38;5;236m███[48;5;236m▄[48;5;173;38;5;173m▄[49;38;5;173m▄▄[38;5;173m▄[39m [38;5;236m▄▄[48;5;236m████[48;5;236;38;5;234m▄[48;5;222;38;5;236m▄[48;5;237;38;5;236m▄[49;38;5;173m▀▀[39m     [00m
       [38;5;173m▀[38;5;222m▀[48;5;222m███[48;5;239;38;5;239m█[48;5;237;38;5;221m▄[48;5;221m██[48;5;239;38;5;184m▄[48;5;222;38;5;239m▄[38;5;222m██[48;5;173m▄▄[38;5;173m█[48;5;173m▄[48;5;173;38;5;236m▄[48;5;236;38;5;215m▄[48;5;234;38;5;215m▄▄[48;5;236;38;5;234m▄[48;5;173;38;5;173m███[38;5;173m▄[49;38;5;173m▄[48;5;236m▄[48;5;234m▄[48;5;236;38;5;236m████[49;38;5;236m▀[38;5;236m▀[48;5;236;38;5;173m▄[49m▄[39m      [00m
           [48;5;222;38;5;215m▄[48;5;221;38;5;221m████[48;5;184;38;5;184m█[48;5;239;38;5;239m█[48;5;222;38;5;254m▄[38;5;222m███[48;5;173;38;5;173m██[48;5;236;38;5;234m▄[48;5;215;38;5;215m███[48;5;173;38;5;173m▄[38;5;173m██████[38;5;173m▄[48;5;236;38;5;173m▄[38;5;236m▄[49;38;5;236m▀[39m           [00m
           [38;5;215m▀[48;5;215m█[48;5;221m▄[48;5;184m▄[48;5;221;38;5;221m███[48;5;254m▄[48;5;221;38;5;215m▄[48;5;222m▄[38;5;222m█[48;5;173m▄[38;5;173m█[48;5;249;38;5;249m█[48;5;173;38;5;215m▄[48;5;173m▄[48;5;173m▄[48;5;215m██[48;5;173;38;5;215m▄[38;5;173m███[49m▀▀[39m              [00m
            [48;5;221;38;5;221m████████[48;5;239;38;5;239m█[48;5;221;38;5;254m▄[48;5;222;38;5;222m██[48;5;215;38;5;173m▄[48;5;236;38;5;236m▄[48;5;215;38;5;215m███[38;5;173m▄[38;5;173m▄[49;39m                   [00m
            [48;5;221;38;5;221m████████[48;5;184m▄[48;5;254m▄[48;5;221;38;5;184m▄[48;5;222;38;5;215m▄[48;5;173;38;5;173m█[48;5;249;38;5;180m▄[48;5;215;38;5;215m█[48;5;215;38;5;215m█[48;5;173;38;5;173m█[48;5;215;38;5;215m▄[48;5;215;38;5;215m▄[48;5;173m▄[48;5;173;38;5;215m▄[48;5;215;38;5;173m▄[49;38;5;215m▄[39m               [00m
            [38;5;221m▀[48;5;221m█████████[38;5;215m▄[48;5;215m█[48;5;234;38;5;236m▄[48;5;215;38;5;215m▄[48;5;215m█[48;5;173;38;5;173m█[48;5;215;38;5;215m███[48;5;173m▄[48;5;215m█[48;5;173m▄[48;5;215m█[49;39m               [00m
             [38;5;221m▀[48;5;221m███████[38;5;215m▄[48;5;215m▄[48;5;215m█[48;5;236;38;5;236m▄[48;5;215;38;5;215m▄[48;5;215;38;5;173m▄[48;5;173;38;5;215m▄[48;5;215m█[49m▀▀[48;5;215m████[49;39m               [00m
               [48;5;215;38;5;221m▄▄▄▄[48;5;221;38;5;215m▄[48;5;215m██[48;5;215m▄▄[49m▀▀▀[39m     [48;5;215;38;5;215m██[49m▀[39m               [00m
              [48;5;221;38;5;221m█████[49m▀[39m           [48;5;236;38;5;236m█[48;5;234m▄[49;38;5;215m▀[39m                [00m
              [48;5;215;38;5;215m▄[48;5;221;38;5;184m▄[48;5;215;38;5;215m█[48;5;221;38;5;184m▄[48;5;184;38;5;221m▄[49m▄[39m            [38;5;236m▀[38;5;234m▀[39m                [00m
               [38;5;215m▀[38;5;221m▀[38;5;215m▀[48;5;215;38;5;221m▄[48;5;221;38;5;184m▄[38;5;239m▄[49;39m                             [00m
                  [38;5;239m▄[48;5;239m██[49;39m                             [00m
                                                  [00m
